237449
211720
178210
175460
173620
173600
171379
171249
169240
169160
168980
165559
164420
161469
159390
158549
158290
156028
155669
154569
147228
146510
146100
142380
142320
140850
140670
134259
133518
130289
129790
128830
127309
126620
124920
122520
121649
120110
120040
119270
118610
117670
116459
114949
114079
113758
113430
111230
110290
110079
100959
100760
100560
100490
97820
97090
96550
95770
95580
94730
92510
92290
91140
90440
89860
88910
88670
87980
86340
86320
85430
83150
82910
81110
80480
80359
80110
78120
78100
76630
75060
73290
72690
72630
72150
71920
71720
71480
69650
69560
66620
66120
60430
58720
56870
54100
50520
48760
46650
44960
41640
34000
31060
30720
30060
29620
28730
27600
26670
25300
10100
4210